0 0.5617283950617284 0.32451499118165783 0.5264550264550265 0.33333333333333326 0.5211640211640212 0.3712522045855379 0.5493827160493827 0.3800705467372134
0 0.9620811287477955 0.29188712522045857 0.8703703703703703 0.328042328042328 0.8033509700176367 0.2795414462081129 0.7654320987654321 0.291005291005291 0.6790123456790124 0.35008818342151676 0.7222222222222221 0.46296296296296297 0.7425044091710759 0.49470899470899465 0.7416225749559083 0.5308641975308642 0.7204585537918873 0.582010582010582 0.7319223985890653 0.6252204585537919 0.7504409171075838 0.6216931216931217 0.7901234567901234 0.5414462081128748 0.8589065255731922 0.5970017636684304 0.9312169312169312 0.6164021164021164 0.9629629629629629 0.6190476190476191
0 0.6128747795414462 0.47354497354497355 0.5970017636684304 0.48500881834215165 0.582010582010582 0.5299823633156967 0.5731922398589065 0.5546737213403881 0.5837742504409171 0.5925925925925926 0.6119929453262787 0.5952380952380952 0.6199294532627866 0.5687830687830688 0.6216931216931217 0.5405643738977073 0.646384479717813 0.49206349206349204 0.6349206349206349 0.4761904761904761
0 0.6031746031746031 0.6199294532627866 0.6014109347442681 0.6613756613756614 0.6252204585537919 0.6587301587301587 0.6252204585537919 0.6164021164021164
0 0.818342151675485 0.6402116402116402 0.7724867724867724 0.6437389770723104 0.783068783068783 0.6710758377425045 0.818342151675485 0.6719576719576721
0 0.44885361552028225 0.8950617283950618 0.4656084656084656 0.9241622574955908 0.455026455026455 0.9391534391534393 0.43209876543209874 0.9559082892416225 0.35361552028218696 0.9594356261022926 0.2619047619047619 0.9171075837742504 0.2698412698412698 0.9029982363315696 0.31216931216931215 0.8897707231040565 0.3165784832451499 0.8606701940035273 0.3271604938271605 0.8747795414462081 0.3509700176366843 0.8915343915343915 0.3985890652557319 0.8915343915343915
0 0.4691358024691358 0.5052910052910053 0.4708994708994709 0.5617283950617284 0.43209876543209874 0.5590828924162258 0.40299823633156967 0.5458553791887125 0.36155202821869487 0.5608465608465608 0.31128747795414463 0.5573192239858906 0.2786596119929453 0.5361552028218695 0.3236331569664903 0.5052910052910053
0 0.22134038800705466 0.54673721340388 0.2054673721340388 0.5696649029982364 0.2054673721340388 0.5784832451499118 0.22310405643738973 0.5793650793650794 0.2698412698412698 0.5379188712522046 0.29012345679012347 0.5158730158730159 0.2848324514991182 0.5017636684303352 0.2698412698412698 0.5079365079365079
0 0.3421516754850088 0.6631393298059964 0.30423280423280424 0.7028218694885362 0.30246913580246915 0.7231040564373897 0.3148148148148148 0.7433862433862434 0.2962962962962963 0.7513227513227513 0.2865961199294533 0.7222222222222221 0.29365079365079366 0.6966490299823633 0.2786596119929453 0.6710758377425045 0.2962962962962963 0.6393298059964727 0.31922398589065254 0.6393298059964727
0 0.25308641975308643 0.6887125220458554 0.2495590828924162 0.7098765432098766 0.23015873015873015 0.6984126984126984
0 0.2054673721340388 0.14814814814814814 0.17372134038800705 0.17989417989417988 0.15961199294532627 0.2072310405643739 0.14462081128747795 0.25396825396825395 0.1437389770723104 0.2760141093474427 0.16049382716049382 0.29365079365079366 0.2204585537918871 0.2619047619047619 0.24250440917107582 0.22310405643738973 0.2328042328042328 0.16490299823633156
0 0.23544973544973544 0.2495590828924162 0.2865961199294533 0.2292768959435626 0.34038800705467376 0.17724867724867724 0.39329805996472655 0.18342151675485005 0.42504409171075835 0.21693121693121692 0.4312169312169312 0.2804232804232804 0.44532627865961205 0.2716049382716049 0.44620811287477946 0.21869488536155202 0.49206349206349204 0.2328042328042328 0.4911816578483245 0.31040564373897706 0.44620811287477946 0.32539682539682535 0.36596119929453264 0.3668430335097001 0.3306878306878307 0.36507936507936506 0.31922398589065254 0.3430335097001764 0.2751322751322751 0.33333333333333326 0.24603174603174602 0.29188712522045857
0 0.21075837742504408 0.4021164021164021 0.24867724867724866 0.4479717813051146 0.3201058201058201 0.4620811287477954 0.30246913580246915 0.4964726631393298 0.24250440917107582 0.4911816578483245 0.2204585537918871 0.44973544973544965 0.20458553791887124 0.42857142857142855
