0 0.39097744360902253 0.07894736842105263 0.3270676691729324 0.05889724310776942 0.3082706766917293 0.07769423558897243
0 0.09899749373433582 0.12656641604010024 0.14035087719298245 0.11403508771929824 0.21929824561403508 0.10526315789473684 0.3208020050125313 0.08897243107769423 0.3107769423558897 0.12531328320802004 0.3032581453634085 0.15162907268170425 0.22556390977443608 0.15914786967418545 0.18922305764411024 0.16416040100250626 0.10401002506265664 0.15914786967418545
0 0.20426065162907267 0.20426065162907267 0.15538847117794485 0.20426065162907267 0.10651629072681704 0.22681704260651628 0.10902255639097744 0.24561403508771928 0.13659147869674185 0.2631578947368421 0.18421052631578946 0.2619047619047619 0.2543859649122807 0.23809523809523805 0.22681704260651628 0.19298245614035087 0.21553884711779447 0.19924812030075187
0 0.09774436090225563 0.2593984962406015 0.09649122807017543 0.2832080200501253 0.08521303258145363 0.2681704260651629
0 0.32957393483709274 0.12781954887218044 0.35463659147869675 0.14035087719298245 0.37218045112781956 0.12781954887218044 0.3521303258145363 0.11403508771929824
0 0.41228070175438597 0.11403508771929824 0.41228070175438597 0.14160401002506265 0.38972431077694236 0.12907268170426064
0 0.33208020050125314 0.20927318295739347 0.2756892230576441 0.17543859649122806 0.2631578947368421 0.18295739348370926 0.2744360902255639 0.21428571428571427 0.31203007518796994 0.21804511278195488
0 0.2957393483709273 0.24060150375939848 0.20426065162907267 0.2619047619047619 0.17543859649122806 0.2869674185463659 0.18546365914786966 0.30952380952380953 0.21553884711779447 0.31704260651629074 0.29699248120300753 0.29197994987468673 0.3270676691729324 0.2832080200501253 0.38345864661654133 0.2681704260651629 0.38596491228070173 0.23057644110275688 0.3458646616541353 0.2593984962406015 0.3082706766917293 0.2619047619047619
0 0.39849624060150374 0.2807017543859649 0.3508771929824561 0.30451127819548873 0.3233082706766917 0.3157894736842105 0.3082706766917293 0.32957393483709274 0.3107769423558897 0.3358395989974937 0.39223057644110276 0.33333333333333326 0.41604010025062654 0.3182957393483709 0.41729323308270677 0.2894736842105263 0.43107769423558895 0.2781954887218045 0.4147869674185463 0.2681704260651629
0 0.518796992481203 0.14536340852130325 0.5213032581453634 0.16290726817042608 0.5739348370927319 0.15789473684210525
0 0.4072681704260652 0.41729323308270677 0.37092731829573933 0.42481203007518803 0.3446115288220552 0.43609022556390975 0.31704260651629074 0.45363408521303256 0.30952380952380953 0.47117794486215536 0.3208020050125313 0.48872180451127817 0.3446115288220552 0.48872180451127817 0.38220551378446116 0.4824561403508772 0.41102756892230574 0.4799498746867168 0.41604010025062654 0.47117794486215536 0.38721804511278196 0.45112781954887216 0.40977443609022557 0.43609022556390975 0.44235588972431084 0.42857142857142855 0.4699248120300752 0.41854636591478694 0.462406015037594 0.3959899749373433
0 0.5764411027568922 0.44235588972431084 0.5451127819548872 0.43609022556390975 0.5300751879699248 0.4323308270676691 0.5012531328320802 0.4411027568922306 0.49624060150375937 0.45363408521303256 0.5325814536340853 0.4586466165413533
0 0.4273182957393484 0.5375939849624061 0.38220551378446116 0.5363408521303258 0.35463659147869675 0.518796992481203 0.3308270676691729 0.5175438596491229 0.3132832080200501 0.5401002506265664 0.3283208020050125 0.5726817042606517 0.3659147869674185 0.5889724310776943 0.43859649122807015 0.6190476190476191 0.47117794486215536 0.5977443609022557 0.4323308270676691 0.5764411027568922 0.40977443609022557 0.5576441102756893 0.4411027568922306 0.5513784461152882 0.4649122807017544 0.5776942355889725 0.5100250626566416 0.5776942355889725 0.4649122807017544 0.556390977443609
0 0.20175438596491227 0.7819548872180451 0.16290726817042608 0.7832080200501254 0.10526315789473684 0.7832080200501254 0.06516290726817042 0.7744360902255639 0.06140350877192982 0.7531328320802005 0.10526315789473684 0.7380952380952381 0.19924812030075187 0.7293233082706767
0 0.2343358395989975 0.7481203007518797 0.23558897243107768 0.7719298245614035 0.2669172932330827 0.7506265664160401 0.2781954887218045 0.7406015037593986
0 0.16040100250626566 0.830827067669173 0.11403508771929824 0.8295739348370926 0.08145363408521304 0.8421052631578947 0.06641604010025062 0.8609022556390977 0.07894736842105263 0.8796992481203008 0.10025062656641603 0.8847117794486217 0.12781954887218044 0.8822055137844612 0.16791979949874686 0.8809523809523809 0.20802005012531327 0.8709273182957393 0.24436090225563908 0.8596491228070176 0.2606516290726817 0.8471177944862156 0.2857142857142857 0.8295739348370926 0.2606516290726817 0.8095238095238095 0.2506265664160401 0.8208020050125313 0.23558897243107768 0.8358395989974937
0 0.24937343358395989 0.8771929824561403 0.18796992481203006 0.8972431077694235 0.15789473684210525 0.9135338345864662 0.15037593984962405 0.9273182957393483 0.17418546365914786 0.9473684210526315 0.22431077694235588 0.9335839598997494 0.2794486215538847 0.9110275689223057 0.2982456140350877 0.8972431077694235
0 0.3233082706766917 0.8558897243107769 0.3270676691729324 0.893483709273183 0.3508771929824561 0.893483709273183 0.3508771929824561 0.8721804511278195
0 0.343358395989975 0.9147869674185464 0.2982456140350877 0.9323308270676691 0.2706766917293233 0.9473684210526315 0.2644110275689223 0.9649122807017544 0.2869674185463659 0.9736842105263157 0.32456140350877194 0.9661654135338346 0.362155388471178 0.9511278195488722
