0 0.03880070546737213 0.31040564373897706 0.13580246913580246 0.37389770723104054 0.21340388007054675 0.31746031746031744 0.2707231040564374 0.3589065255731923 0.31305114638447973 0.36948853615520283 0.2874779541446208 0.42592592592592593 0.24867724867724866 0.5255731922398589 0.2742504409171076 0.6278659611992945 0.24867724867724866 0.6587301587301587 0.2345679012345679 0.5987654320987654 0.17548500881834214 0.5881834215167548 0.13139329805996472 0.6022927689594356 0.0855379188712522 0.6490299823633157 0.027336860670194002 0.6349206349206349 0.026455026455026457 0.31305114638447973
0 0.35361552028218696 0.5141093474426808 0.37918871252204583 0.5661375661375662 0.373015873015873 0.5970017636684304 0.39682539682539686 0.6181657848324515 0.43386243386243384 0.6172839506172839 0.42416225749559083 0.5582010582010583 0.4021164021164021 0.5 0.37213403880070545 0.4964726631393298 0.355379188712522 0.5044091710758377
0 0.49823633156966485 0.25749559082892415 0.5546737213403881 0.24691358024691357 0.5634920634920635 0.20634920634920634 0.6225749559082893 0.19664902998236328 0.6155202821869489 0.1693121693121693 0.6710758377425045 0.21164021164021166 0.746031746031746 0.2345679012345679 0.7768959435626103 0.30864197530864196 0.7557319223985891 0.3315696649029982 0.7204585537918873 0.3492063492063492 0.681657848324515 0.38095238095238093 0.6146384479717814 0.3747795414462081 0.5811287477954145 0.35008818342151676 0.5776014109347443 0.2927689594356261 0.5608465608465608 0.2927689594356261 0.5564373897707231 0.37213403880070545 0.4973544973544973 0.3342151675485009
0 0.7610229276895943 0.1931216931216931 0.781305114638448 0.2751322751322751 0.8280423280423279 0.2857142857142857 0.8527336860670194 0.31216931216931215 0.8738977072310405 0.29365079365079366 0.8694885361552028 0.25308641975308643 0.8298059964726632 0.16666666666666663 0.7954144620811288 0.15608465608465608
0 0.5264550264550265 0.5758377425044092 0.5432098765432098 0.6067019400352733 0.6948853615520282 0.609347442680776 0.7566137566137566 0.6031746031746031 0.8174603174603174 0.5493827160493827 0.7901234567901234 0.5343915343915344 0.7707231040564373 0.5590828924162258 0.7336860670194002 0.5811287477954145 0.6948853615520282 0.5608465608465608 0.6331569664902998 0.5546737213403881 0.5881834215167548 0.5582010582010583 0.5414462081128748 0.5582010582010583 0.5308641975308642 0.5687830687830688
0 0.6657848324514991 0.6851851851851852 0.701058201058201 0.7301587301587301 0.6948853615520282 0.7680776014109347 0.7160493827160493 0.8218694885361552 0.7160493827160493 0.7283950617283951 0.7486772486772487 0.660493827160494 0.7654320987654321 0.6843033509700176 0.7848324514991183 0.656084656084656 0.7504409171075838 0.6419753086419753 0.716931216931217 0.626984126984127 0.716931216931217 0.6640211640211641 0.6587301587301587 0.6719576719576721
0 0.572310405643739 0.9188712522045855 0.5343915343915344 0.9409171075837741 0.5405643738977073 0.9611992945326279 0.572310405643739 0.9894179894179893 0.6375661375661376 0.9920634920634922 0.7592592592592592 0.9400352733686067 0.716931216931217 0.9232804232804233 0.691358024691358 0.8871252204585538 0.6384479717813051 0.917989417989418
0 0.7645502645502645 0.7142857142857143 0.781305114638448 0.7257495590828924 0.7574955908289241 0.7301587301587301
0 0.36948853615520283 0.6384479717813051 0.3994708994708995 0.6437389770723104 0.4091710758377425 0.6834215167548501 0.3668430335097001 0.6798941798941799
0 0.6860670194003528 0.4797178130511463 0.7574955908289241 0.4708994708994709 0.7998236331569665 0.42239858906525574 0.8007054673721341 0.4479717813051146 0.7627865961199295 0.5105820105820106 0.7028218694885362 0.5097001763668431
0 0.4329805996472663 0.3509700176366843 0.43386243386243384 0.40299823633156967 0.4753086419753087 0.39682539682539686 0.4761904761904761 0.355379188712522
