0 0.042180023809523834 0.759240428571429 0.0022200012531328334 0.7792204398496245 0.0 0.8613604862155394 0.06438003634085217 0.919080518796993 0.13098007393483718 0.919080518796993 0.159840090225564 0.9013205087719304 0.14208008020050134 0.8480404786967424
0 0.06882003884711783 0.705960398496241 0.17094009649122818 0.6660003759398501 0.24642013909774452 0.7281604110275695 0.17760010025062667 0.7725604360902261 0.24420013784461164 0.7792204398496245 0.2597401466165415 0.8125204586466171 0.19536011027568934 0.79920045112782 0.13542007644110285 0.759240428571429
0 0.25530014411027585 0.6970803934837096 0.28194015914786985 0.7237204085213037 0.3640802055137847 0.7215004072681708 0.3973802243107772 0.7259404097744365 0.3973802243107772 0.8524804812030081 0.34188019298245637 0.8547004824561408 0.26640015037594 0.8058604548872185 0.24642013909774452 0.7659004323308275
0 0.4773002694235592 0.6504603671679202 0.5350203020050128 0.6571203709273186 0.5594403157894741 0.6349203583959904 0.5927403345864666 0.6327003571428576 0.6415803621553888 0.7525804248120306 0.6371403596491232 0.8524804812030081 0.5749803245614039 0.8902205025062662 0.5083802869674189 0.8458204774436094 0.49284027819548903 0.7370404160401007
0 0.7525804248120306 0.68154038471178 0.7947604486215544 0.6882003884711785 0.8791204962406021 0.6660003759398501 0.905760511278196 0.7348204147869679 0.8813404974937349 0.7703404348370932 0.8280604674185469 0.8036404536340858 0.7614604298245617 0.7281604110275695
0 0.031080017543859667 0.06438003634085217 0.13320007518797 0.11100006265664167 0.13542007644110285 0.15540008771929834 0.12876007268170434 0.20424011528822067 0.14430008145363418 0.23532013283208034 0.20424011528822067 0.23754013408521316 0.19536011027568934 0.2708401528822057 0.18204010275689236 0.27972015789473703 0.19536011027568934 0.2952601666666668 0.23088013032581467 0.30414017167919816 0.24864014035087734 0.3485401967418548 0.30414017167919816 0.39960022556391 0.3640802055137847 0.36630020676691755 0.3840602167919802 0.35964020300751903 0.4173602355889727 0.39960022556391 0.44622025187969955 0.4018202268170429 0.46176026065162934 0.3774002130325817 0.49506027944862185 0.3640802055137847 0.4972802807017547 0.40848023057644134 0.5394603045112786 0.3973802243107772 0.572760323308271 0.4639802619047622 0.5971803370927322 0.5217002944862159 0.5905203333333336 0.5305802994987472 0.5439003070175442 0.4906202769423562 0.5261402969924815 0.4972802807017547 0.5261402969924815 0.5372403032581456 0.4706402656641607 0.5439003070175442 0.4040402280701757 0.46176026065162934 0.372960210526316 0.4750802681704263 0.37074020927318313 0.5439003070175442 0.35742020175438616 0.572760323308271 0.2597401466165415 0.5705403220551382 0.18870010651629085 0.5239202957393487 0.2641801491228072 0.5017202832080203 0.2686201516290728 0.4506602543859652 0.23532013283208034 0.42624024060150406 0.186480105263158 0.42180023809523837 0.15762008897243118 0.4373402468671682 0.05328003007518801 0.39960022556391 0.0599400338345865 0.33078018671679216 0.06882003884711783 0.2997001691729325 0.08880005012531333 0.293040165413534 0.13320007518797 0.33522018922305785 0.14874008395989985 0.3529801992481205 0.18870010651629085 0.34410019423558924 0.186480105263158 0.319680180451128 0.15540008771929834 0.3241201829573937 0.11100006265664167 0.27972015789473703 0.0732600413533835 0.2730601541353385 0.05106002882205517 0.2952601666666668 0.0599400338345865 0.22200012531328334 0.0333000187969925 0.146520082706767
0 0.8480404786967424 0.066600037593985 0.8635804874686722 0.10434005889724317 0.8080804561403514 0.16206009147869685 0.8058604548872185 0.22200012531328334 0.8835604987468677 0.2908201641604012 0.9990005639097751 0.35742020175438616 0.9945605614035092 0.31080017543859667 0.9768005513784466 0.31080017543859667 0.9768005513784466 0.2863801616541355 0.9990005639097751 0.28194015914786985 0.9990005639097751 0.18870010651629085 0.9390605300751885 0.12876007268170434 0.9435005325814543 0.0865800488721805 0.9324005263157901 0.066600037593985
0 0.572760323308271 0.3973802243107772 0.6504603671679202 0.38628021804511303 0.6748803809523813 0.40848023057644134 0.7104004010025067 0.3929402218045116 0.745920421052632 0.39960022556391 0.7725604360902261 0.4595402593984965 0.7548004260651634 0.47286026691729355 0.7192804060150381 0.46620026315789503 0.6882003884711785 0.4839602731829577 0.7303804122807022 0.5106002882205517 0.7015203959899753 0.5372403032581456 0.6904203897243112 0.5949603358395994 0.6571203709273186 0.5483403095238099 0.639360360902256 0.4817402719298249 0.6193803496240605 0.4506602543859652 0.5794203270676695 0.4595402593984965
0 0.22200012531328334 0.2708401528822057 0.2730601541353385 0.3130201766917295 0.2997001691729325 0.30636017293233103 0.30636017293233103 0.2908201641604012 0.33744019047619067 0.293040165413534 0.33744019047619067 0.3285601854636593 0.346320195488722 0.34188019298245637 0.38184021553884734 0.33300018796992503 0.37074020927318313 0.28416016040100267 0.3285601854636593 0.26196014786967436 0.319680180451128 0.2242201265664162 0.2863801616541355 0.24420013784461164
0 0.412920233082707 0.2908201641604012 0.42180023809523837 0.33078018671679216 0.452880255639098 0.31524017794486237
0 0.28194015914786985 0.626040353383459 0.319680180451128 0.6327003571428576 0.35520020050125334 0.6149403471177949 0.3174601791979952 0.5816403283208024
0 0.599400338345865 0.18426010401002518 0.6238203521303262 0.20202011403508785 0.6415803621553888 0.17982010150375952 0.6105003446115292 0.159840090225564
0 0.7659004323308275 0.5772003258145367 0.7659004323308275 0.6082803433583963 0.8080804561403514 0.6127203458646621 0.8080804561403514 0.572760323308271
0 0.055500031328320834 0.5883003320802008 0.042180023809523834 0.6060603421052635 0.0022200012531328334 0.6193803496240605 0.0022200012531328334 0.5394603045112786 0.006660003759398501 0.4684202644110279 0.07104004010025067 0.47286026691729355 0.14874008395989985 0.5150402907268173 0.13320007518797 0.5217002944862159 0.066600037593985 0.49950028195488755 0.0466200263157895 0.5305802994987472
