0 0.35978835978835977 0.05555555555555555 0.40652557319223986 0.12698412698412698 0.41798941798941797 0.15167548500881833 0.4232804232804233 0.18253968253968253 0.38977072310405636 0.22663139329805998 0.33686067019400345 0.17195767195767198 0.30952380952380953 0.18342151675485005 0.3421516754850088 0.2239858906525573 0.43562610229276894 0.3201058201058201 0.5255731922398589 0.2857142857142857 0.5634920634920635 0.2583774250440917 0.6305114638447972 0.26631393298059963 0.6763668430335098 0.281305114638448 0.6843033509700176 0.24603174603174602 0.6313932980599647 0.22486772486772483 0.626984126984127 0.1437389770723104 0.6684303350970018 0.12874779541446207 0.6798941798941799 0.04144620811287478 0.36155202821869487 0.043209876543209874
0 0.3668430335097001 0.3624338624338625 0.3624338624338625 0.3880070546737213 0.373015873015873 0.40652557319223986 0.43033509700176364 0.4153439153439153 0.4638447971781305 0.43209876543209874 0.48236331569664903 0.41622574955908287 0.4717813051146385 0.3800705467372134 0.44179894179894175 0.38183421516754845 0.390652557319224 0.3624338624338625
0 0.5052910052910053 0.39329805996472655 0.5555555555555556 0.4109347442680776 0.5705467372134039 0.4038800705467372 0.5705467372134039 0.38977072310405636 0.5370370370370371 0.38183421516754845
0 0.6067019400352733 0.4347442680776014 0.6084656084656085 0.47266313932980597 0.6613756613756614 0.47001763668430335 0.6631393298059964 0.4294532627865961
0 0.07936507936507936 0.5405643738977073 0.09876543209876543 0.5590828924162258 0.10934744268077601 0.6410934744268078 0.1384479717813051 0.6807760141093475 0.1349206349206349 0.691358024691358 0.10493827160493825 0.6922398589065256 0.09611992945326278 0.718694885361552 0.08289241622574955 0.7336860670194002 0.0564373897707231 0.6940035273368607 0.036155202821869487 0.6410934744268078 0.04056437389770723 0.5705467372134039
0 0.18783068783068782 0.6490299823633157 0.24867724867724866 0.7037037037037037 0.2707231040564374 0.6904761904761905 0.2619047619047619 0.708994708994709 0.2310405643738977 0.7054673721340388 0.2037037037037037 0.7160493827160493 0.15520282186948853 0.7389770723104057 0.13756613756613756 0.7195767195767195
0 0.40652557319223986 0.5158730158730159 0.40652557319223986 0.7319223985890653 0.4541446208112875 0.7980599647266314 0.47442680776014107 0.781305114638448 0.43209876543209874 0.7151675485008817 0.4523809523809524 0.6860670194003528 0.46119929453262787 0.6296296296296297 0.4506172839506173 0.591710758377425 0.4541446208112875 0.5194003527336861
0 0.3306878306878307 0.7495590828924162 0.3527336860670194 0.7795414462081127 0.37566137566137564 0.7486772486772487 0.35978835978835977 0.7469135802469136
0 0.6516754850088183 0.5070546737213404 0.6243386243386243 0.564373897707231 0.6305114638447972 0.6675485008818343 0.6807760141093475 0.7416225749559083 0.7372134038800705 0.7583774250440917 0.7619047619047619 0.7469135802469136 0.791005291005291 0.6887125220458554 0.8112874779541446 0.63668430335097 0.7768959435626103 0.5828924162257496 0.718694885361552 0.5696649029982364 0.7689594356261023 0.5440917107583775 0.7671957671957672 0.5008818342151675
0 0.527336860670194 0.681657848324515 0.5440917107583775 0.7266313932980598 0.5388007054673721 0.7380952380952381 0.5 0.7380952380952381 0.49823633156966485 0.6975308641975309
0 0.7663139329805998 0.7504409171075838 0.8324514991181657 0.7592592592592592 0.8483245149911817 0.8350970017636683 0.8403880070546738 0.855379188712522 0.8077601410934744 0.855379188712522 0.7945326278659612 0.8509700176366843 0.7380952380952381 0.8324514991181657 0.6992945326278659 0.8024691358024691 0.7283950617283951 0.7654320987654321
