0 0.06265664160401002 0.6240601503759399 0.09022556390977442 0.6453634085213033 0.08270676691729323 0.68796992481203 0.06641604010025062 0.7205513784461153 0.05012531328320802 0.724310776942356 0.03759398496240601 0.7105263157894737 0.041353383458646614 0.6766917293233082
0 0.09649122807017543 0.705513784461153 0.08646616541353383 0.7305764411027569 0.08020050125313283 0.7644110275689223 0.06641604010025062 0.8020050125313283 0.07142857142857142 0.8320802005012531 0.08646616541353383 0.8395989974937343 0.10651629072681704 0.8258145363408521 0.11528822055137844 0.7894736842105263 0.13659147869674185 0.7418546365914787 0.15037593984962405 0.6954887218045113 0.16040100250626566 0.6629072681704261 0.11654135338345864 0.6340852130325815
0 0.15162907268170425 0.7631578947368421 0.13659147869674185 0.81203007518797 0.13283208020050125 0.843358395989975 0.12280701754385964 0.8796992481203008 0.13032581453634084 0.9022556390977443 0.14411027568922305 0.9210526315789473 0.16040100250626566 0.9122807017543859 0.17543859649122806 0.8784461152882206 0.18045112781954883 0.8333333333333335 0.18421052631578946 0.8145363408521304
0 0.16416040100250626 0.6992481203007519 0.15538847117794485 0.7343358395989975 0.18170426065162906 0.7418546365914787 0.19799498746867164 0.7167919799498746 0.18045112781954883 0.6967418546365914
0 0.22556390977443608 0.7882205513784462 0.22431077694235588 0.8395989974937343 0.22305764411027568 0.8909774436090225 0.22807017543859648 0.9172932330827066 0.24812030075187969 0.9260651629072681 0.2593984962406015 0.9097744360902256 0.2744360902255639 0.8609022556390977 0.2731829573934837 0.8082706766917294 0.2581453634085213 0.7794486215538847
0 0.23934837092731828 0.7255639097744361 0.23809523809523805 0.7468671679197995 0.2431077694235589 0.7631578947368421 0.2669172932330827 0.7619047619047619 0.2694235588972431 0.705513784461153
0 0.38721804511278196 0.550125313283208 0.406015037593985 0.5238095238095238 0.43859649122807015 0.5726817042606517 0.45614035087719296 0.5588972431077694 0.42481203007518803 0.5300751879699248 0.4235588972431078 0.49624060150375937 0.44611528822055135 0.5300751879699248 0.47117794486215536 0.6090225563909775 0.4849624060150376 0.6441102756892231 0.47368421052631576 0.669172932330827 0.4586466165413533 0.6791979949874687 0.4323308270676691 0.6578947368421053 0.42105263157894735 0.631578947368421 0.40476190476190477 0.5964912280701754
0 0.5551378446115288 0.42606516290726815 0.5413533834586466 0.4849624060150376 0.5451127819548872 0.5025062656641605 0.5714285714285714 0.48120300751879697
0 0.5213032581453634 0.5726817042606517 0.5238095238095238 0.6115288220551378 0.5137844611528822 0.6466165413533834 0.5162907268170426 0.669172932330827 0.5275689223057645 0.6804511278195489 0.5476190476190477 0.6804511278195489 0.5676691729323309 0.6491228070175439 0.5802005012531328 0.6203007518796992 0.6015037593984962 0.5413533834586466 0.5839598997493735 0.525062656641604 0.5764411027568922 0.5413533834586466 0.5764411027568922 0.5676691729323309 0.5651629072681704 0.5877192982456141 0.5513784461152882 0.6102756892230576 0.5350877192982456 0.5789473684210527
0 0.6679197994987469 0.5902255639097744 0.6679197994987469 0.6829573934837093 0.6954887218045113 0.6591478696741855 0.706766917293233 0.6203007518796992 0.7330827067669173 0.5827067669172933 0.7167919799498746 0.5626566416040101 0.6954887218045113 0.5651629072681704
0 0.7305764411027569 0.6015037593984962 0.7192982456140351 0.6516290726817043 0.706766917293233 0.6892230576441104 0.6992481203007519 0.7343358395989975 0.6842105263157895 0.7619047619047619 0.6892230576441104 0.7982456140350878 0.7042606516290726 0.8145363408521304 0.7293233082706767 0.8020050125313283 0.7606516290726817 0.6904761904761905 0.7255639097744361 0.6754385964912281 0.743107769423559 0.6340852130325815 0.7606516290726817 0.5989974937343359 0.743107769423559 0.5989974937343359
0 0.7593984962406014 0.7443609022556391 0.8045112781954887 0.7606516290726817 0.7919799498746866 0.8095238095238095 0.7844611528822055 0.8621553884711779 0.7706766917293233 0.8822055137844612 0.7543859649122807 0.8847117794486217 0.7393483709273183 0.8583959899749374 0.7406015037593986 0.830827067669173
0 0.7781954887218047 0.6591478696741855 0.8270676691729322 0.6904761904761905 0.818295739348371 0.7268170426065163 0.7706766917293233 0.6992481203007519
0 0.8533834586466166 0.5852130325814536 0.8671679197994987 0.5989974937343359 0.8834586466165413 0.5852130325814536
0 0.8496240601503761 0.6365914786967418 0.8634085213032582 0.6604010025062657 0.8809523809523809 0.6428571428571429 0.8646616541353382 0.6215538847117794
0 0.8408521303258145 0.68796992481203 0.843358395989975 0.7406015037593986 0.8784461152882206 0.7493734335839599 0.8984962406015038 0.7155388471177945 0.899749373433584 0.6754385964912281
0 0.8421052631578947 0.7606516290726817 0.8684210526315791 0.7731829573934837 0.893483709273183 0.7518796992481203 0.8859649122807017 0.8157894736842105 0.8809523809523809 0.8609022556390977 0.8721804511278195 0.8872180451127819 0.8395989974937343 0.8847117794486217 0.8333333333333335 0.8621553884711779 0.8345864661654135 0.8333333333333335
0 0.7117794486215538 0.8909774436090225 0.7418546365914787 0.8909774436090225 0.7343358395989975 0.8984962406015038
0 0.9172932330827066 0.6102756892230576 0.931077694235589 0.6616541353383458 0.9197994987468673 0.6854636591478696
0 0.8320802005012531 0.41729323308270677 0.8333333333333335 0.47368421052631576 0.8533834586466166 0.47117794486215536
