0 0.002506265664160401 0.3358395989974937 0.05639097744360902 0.34962406015037595 0.10025062656641603 0.3659147869674185 0.10651629072681704 0.3972431077694235 0.06265664160401002 0.42606516290726815 0.0037593984962406013 0.4135338345864661
0 0.12155388471177946 0.38972431077694236 0.12406015037593984 0.4235588972431078 0.19047619047619047 0.42105263157894735 0.1942355889724311 0.39473684210526316 0.14160401002506265 0.38220551378446116
0 0.20802005012531327 0.40977443609022557 0.20050125313283207 0.42105263157894735 0.2205513784461153 0.43107769423558895 0.24937343358395989 0.4223057644110276 0.24812030075187969 0.40225563909774437
0 0.047619047619047616 0.20050125313283207 0.06892230576441102 0.21303258145363407 0.042606516290726815 0.24686716791979946 0.0037593984962406013 0.2669172932330827 0.0 0.22681704260651628
0 0.09398496240601503 0.2593984962406015 0.07268170426065163 0.2807017543859649 0.09899749373433582 0.2731829573934837 0.12907268170426064 0.2819548872180451 0.15538847117794485 0.2656641604010025 0.14661654135338345 0.2656641604010025 0.12030075187969924 0.2644110275689223
0 0.19298245614035087 0.2581453634085213 0.16290726817042608 0.2543859649122807 0.16290726817042608 0.24686716791979946 0.1942355889724311 0.23809523809523805
0 0.23809523809523805 0.3007518796992481 0.2030075187969925 0.2907268170426065 0.21679197994987467 0.2719298245614035
0 0.17418546365914786 0.13283208020050125 0.2857142857142857 0.08145363408521304 0.3308270676691729 0.06766917293233082 0.36716791979949875 0.08395989974937343 0.3533834586466165 0.09899749373433582 0.2794486215538847 0.14411027568922305 0.2343358395989975 0.13157894736842105 0.22180451127819548 0.16541353383458646
0 0.2619047619047619 0.16165413533834586 0.32456140350877194 0.20802005012531327 0.37343358395989973 0.18045112781954883 0.38220551378446116 0.15789473684210525 0.43107769423558895 0.14035087719298245 0.47368421052631576 0.09649122807017543 0.5363408521303258 0.08270676691729323 0.5664160401002506 0.042606516290726815 0.5626566416040101 0.03508771929824561 0.45614035087719296 0.03884711779448621 0.37218045112781956 0.09649122807017543 0.3446115288220552 0.14035087719298245 0.3032581453634085 0.14912280701754385 0.3007518796992481 0.13909774436090225
0 0.4348370927318296 0.15914786967418545 0.4824561403508772 0.18922305764411024 0.5225563909774437 0.15162907268170425 0.5701754385964912 0.16165413533834586 0.5977443609022557 0.16040100250626566 0.5639097744360902 0.18671679197994986 0.6015037593984962 0.19172932330827067 0.606516290726817 0.20426065162907267 0.6441102756892231 0.22180451127819548 0.681704260651629 0.19172932330827067 0.6904761904761905 0.14536340852130325 0.6453634085213033 0.13408521303258145 0.6842105263157895 0.10776942355889724 0.681704260651629 0.05639097744360902 0.6340852130325815 0.047619047619047616 0.5864661654135338 0.08270676691729323 0.5551378446115288 0.09523809523809523 0.531328320802005 0.11278195488721804 0.49874686716791977 0.12907268170426064
0 0.5350877192982456 0.2030075187969925 0.5626566416040101 0.23934837092731828 0.6015037593984962 0.2431077694235589 0.6077694235588973 0.22305764411027568 0.5889724310776943 0.20927318295739347 0.550125313283208 0.19172932330827067
0 0.49624060150375937 0.24561403508771928 0.4824561403508772 0.2706766917293233 0.5238095238095238 0.2744360902255639 0.5363408521303258 0.2568922305764411 0.5300751879699248 0.2205513784461153
0 0.30952380952380953 0.4824561403508772 0.3182957393483709 0.5087719298245614 0.37719298245614036 0.5112781954887218 0.2982456140350877 0.581453634085213 0.3007518796992481 0.6077694235588973 0.3283208020050125 0.5889724310776943 0.37593984962406013 0.568922305764411 0.4135338345864661 0.5651629072681704 0.43609022556390975 0.556390977443609 0.4348370927318296 0.5401002506265664 0.40977443609022557 0.5388471177944862 0.3972431077694235 0.506265664160401 0.43734335839599 0.4937343358395989 0.462406015037594 0.5075187969924813 0.5112781954887218 0.5225563909774437 0.5614035087719298 0.4799498746867168 0.5764411027568922 0.4523809523809524 0.5614035087719298 0.4147869674185463 0.5125313283208021 0.40476190476190477 0.5 0.38345864661654133 0.406015037593985 0.39223057644110276 0.36716791979949875 0.42105263157894735 0.4273182957393484 0.4573934837092732 0.40100250626566414 0.474937343358396 0.38095238095238093 0.45363408521303256 0.36466165413533835 0.4573934837092732 0.37719298245614036 0.4761904761904761 0.3684210526315789 0.49874686716791977 0.3458646616541353 0.49624060150375937 0.3458646616541353 0.4699248120300752
0 0.4147869674185463 0.5839598997493735 0.41854636591478694 0.6027568922305765 0.39849624060150374 0.6027568922305765 0.3972431077694235 0.5939849624060151
0 0.5375939849624061 0.794486215538847 0.5225563909774437 0.8082706766917294 0.49122807017543857 0.8195488721804511 0.4924812030075188 0.8471177944862156 0.5300751879699248 0.8583959899749374 0.5451127819548872 0.8496240601503761
0 0.5288220551378446 0.5513784461152882 0.49624060150375937 0.5764411027568922 0.5087719298245614 0.6378446115288221 0.5401002506265664 0.6378446115288221 0.550125313283208 0.6441102756892231 0.531328320802005 0.6641604010025063 0.5789473684210527 0.7280701754385965 0.6040100250626567 0.7092731829573935 0.5839598997493735 0.6654135338345865 0.6278195488721805 0.6365914786967418 0.6353383458646616 0.5802005012531328 0.5626566416040101 0.5726817042606517 0.5363408521303258 0.575187969924812
0 0.6441102756892231 0.48370927318295737 0.5939849624060151 0.5037593984962406 0.606516290726817 0.5275689223057645 0.6265664160401002 0.518796992481203 0.6604010025062657 0.5288220551378446 0.6904761904761905 0.5150375939849624 0.6654135338345865 0.48872180451127817
0 0.8446115288220551 0.35714285714285715 0.931077694235589 0.3082706766917293 0.9912280701754387 0.3007518796992481 1.0 0.32957393483709274 0.9987468671679198 0.462406015037594 0.87468671679198 0.5526315789473685 0.8596491228070176 0.525062656641604 0.8421052631578947 0.525062656641604 0.8220551378446115 0.5726817042606517 0.8333333333333335 0.5839598997493735 0.8822055137844612 0.5576441102756893 0.9035087719298247 0.556390977443609 1.0 0.47744360902255634 0.9949874686716792 0.5538847117794486 0.9273182957393483 0.5639097744360902 0.9461152882205514 0.6115288220551378 0.93734335839599 0.6353383458646616 0.893483709273183 0.6503759398496239 0.9197994987468673 0.6265664160401002 0.9235588972431078 0.5964912280701754 0.8834586466165413 0.5989974937343359 0.8546365914786967 0.5939849624060151 0.8822055137844612 0.6378446115288221 0.8496240601503761 0.6528822055137844 0.8233082706766918 0.6503759398496239 0.8345864661654135 0.6290726817042607 0.8220551378446115 0.6303258145363408 0.7781954887218047 0.6616541353383458 0.731829573934837 0.6466165413533834 0.7380952380952381 0.5839598997493735 0.6904761904761905 0.5614035087719298 0.6904761904761905 0.5375939849624061 0.743107769423559 0.525062656641604 0.7631578947368421 0.5350877192982456 0.7919799498746866 0.5213032581453634 0.775689223057644 0.5200501253132832 0.7794486215538847 0.4974937343358396 0.7531328320802005 0.49122807017543857 0.7406015037593986 0.4761904761904761 0.7819548872180451 0.46115288220551376 0.8070175438596491 0.474937343358396 0.8521303258145363 0.4448621553884712 0.8070175438596491 0.44235588972431084 0.7556390977443609 0.44360902255639095 0.7518796992481203 0.42606516290726815 0.768170426065163 0.40852130325814534 0.8533834586466166 0.3959899749373433
0 0.6328320802005013 0.6791979949874687 0.6428571428571429 0.6929824561403509 0.631578947368421 0.7205513784461153 0.6716791979949874 0.7481203007518797 0.6942355889724311 0.7330827067669173 0.6942355889724311 0.7180451127819549 0.68796992481203 0.7030075187969925 0.7418546365914787 0.669172932330827
0 0.7080200501253134 0.743107769423559 0.7080200501253134 0.731829573934837 0.7380952380952381 0.7218045112781953 0.8157894736842105 0.7481203007518797 0.8032581453634086 0.6842105263157895 0.8446115288220551 0.6729323308270678 0.8784461152882206 0.6904761904761905 0.9035087719298247 0.6629072681704261 0.9511278195488722 0.6365914786967418 0.9949874686716792 0.68671679197995 0.9022556390977443 0.7593984962406014 0.8170426065162907 0.7556390977443609 0.8070175438596491 0.7468671679197995
0 0.8070175438596491 0.7769423558897244 0.8358395989974937 0.7957393483709274 0.8057644110275689 0.8170426065162907 0.7593984962406014 0.8070175438596491
0 0.4197994987468672 0.6704260651629074 0.43609022556390975 0.6954887218045113 0.40977443609022557 0.7017543859649122 0.39849624060150374 0.6854636591478696
0 0.600250626566416 0.7969924812030075 0.5914786967418546 0.8095238095238095 0.6152882205513784 0.8208020050125313 0.6190476190476191 0.81328320802005
