0 0.6403508771929824 0.5839598997493735 0.6127819548872181 0.5889724310776943 0.6077694235588973 0.5977443609022557 0.5827067669172933 0.600250626566416 0.5789473684210527 0.6115288220551378 0.550125313283208 0.6228070175438597 0.5213032581453634 0.6140350877192983 0.5050125313283208 0.631578947368421 0.5100250626566416 0.6892230576441104 0.543859649122807 0.6892230576441104 0.5576441102756893 0.6892230576441104 0.5739348370927319 0.6704260651629074 0.5764411027568922 0.6616541353383458 0.568922305764411 0.6491228070175439 0.5601503759398496 0.6478696741854637 0.5626566416040101 0.6390977443609023 0.5726817042606517 0.6328320802005013 0.5852130325814536 0.6503759398496239 0.581453634085213 0.6804511278195489 0.5726817042606517 0.6979949874686717 0.5952380952380952 0.7005012531328321 0.6152882205513784 0.6654135338345865 0.6390977443609023 0.6616541353383458 0.6754385964912281 0.6378446115288221 0.7105263157894737 0.6378446115288221 0.706766917293233 0.6015037593984962 0.6917293233082706 0.5864661654135338
0 0.5802005012531328 0.568922305764411 0.5739348370927319 0.5776942355889725 0.5952380952380952 0.581453634085213
0 0.5839598997493735 0.5426065162907269 0.5538847117794486 0.5451127819548872 0.5426065162907269 0.5451127819548872 0.5087719298245614 0.5463659147869674 0.4824561403508772 0.5363408521303258 0.462406015037594 0.5363408521303258 0.4649122807017544 0.5263157894736842 0.47368421052631576 0.5238095238095238 0.4799498746867168 0.5137844611528822 0.49498746867167914 0.5050125313283208 0.5150375939849624 0.5200501253132832 0.5325814536340853 0.5225563909774437 0.5375939849624061 0.5150375939849624 0.5137844611528822 0.506265664160401 0.4924812030075188 0.48746867167919805 0.47117794486215536 0.49122807017543857 0.4699248120300752 0.5037593984962406 0.45989974937343364 0.506265664160401 0.4411027568922306 0.5075187969924813 0.4298245614035088 0.4974937343358396 0.4235588972431078 0.5050125313283208 0.43734335839599 0.5225563909774437 0.4573934837092732 0.5288220551378446 0.4523809523809524 0.5401002506265664 0.43358395989974935 0.5338345864661654 0.4072681704260652 0.531328320802005 0.38220551378446116 0.5288220551378446 0.3684210526315789 0.5150375939849624 0.39974937343358397 0.5025062656641605 0.41102756892230574 0.4924812030075188 0.38095238095238093 0.4899749373433584 0.38471177944862156 0.47368421052631576 0.40100250626566414 0.47117794486215536 0.41228070175438597 0.462406015037594 0.3884711779448622 0.44862155388471175 0.36466165413533835 0.4323308270676691 0.3483709273182957 0.4398496240601504 0.3308270676691729 0.4298245614035088 0.33333333333333326 0.4135338345864661 0.3458646616541353 0.4072681704260652 0.33959899749373434 0.39849624060150374 0.31704260651629074 0.38345864661654133 0.343358395989975 0.37719298245614036 0.3345864661654135 0.37092731829573933 0.3182957393483709 0.37092731829573933 0.3107769423558897 0.36466165413533835 0.3308270676691729 0.3408521303258145 0.3358395989974937 0.31704260651629074 0.36466165413533835 0.3032581453634085 0.38972431077694236 0.3082706766917293 0.4072681704260652 0.3032581453634085 0.43358395989974935 0.31203007518796994 0.44611528822055135 0.33208020050125314 0.42857142857142855 0.3483709273182957 0.44235588972431084 0.35714285714285715 0.4273182957393484 0.3784461152882205 0.5050125313283208 0.4398496240601504 0.5363408521303258 0.47869674185463656 0.5939849624060151 0.5175438596491229
0 0.42481203007518803 0.2744360902255639 0.33208020050125314 0.2343358395989975 0.24185463659147868 0.2117794486215539 0.18295739348370926 0.2205513784461153 0.11528822055137844 0.23558897243107768 0.11152882205513784 0.2593984962406015 0.10275689223057644 0.2669172932330827 0.08521303258145363 0.2932330827067669 0.09147869674185463 0.29949874686716793 0.11779448621553884 0.3007518796992481 0.11904761904761903 0.3157894736842105 0.13408521303258145 0.31704260651629074 0.13659147869674185 0.32957393483709274 0.14786967418546365 0.3483709273182957 0.16040100250626566 0.3533834586466165 0.14786967418546365 0.38345864661654133 0.12030075187969924 0.41604010025062654 0.13909774436090225 0.41604010025062654 0.16791979949874686 0.40225563909774437 0.20551378446115287 0.39974937343358397 0.23182957393483708 0.4072681704260652 0.2518796992481203 0.39974937343358397 0.2593984962406015 0.40977443609022557 0.2794486215538847 0.4072681704260652 0.2869674185463659 0.41228070175438597 0.3082706766917293 0.406015037593985 0.30451127819548873 0.39348370927318294 0.2631578947368421 0.38471177944862156 0.2769423558897243 0.37468671679197996 0.24686716791979946 0.362155388471178 0.2431077694235589 0.3446115288220552 0.2619047619047619 0.3383458646616541 0.2857142857142857 0.31203007518796994 0.3107769423558897 0.2894736842105263 0.3483709273182957 0.2781954887218045 0.38095238095238093 0.2744360902255639
0 0.3007518796992481 0.4223057644110276 0.29197994987468673 0.43358395989974935 0.2769423558897243 0.4298245614035088 0.2781954887218045 0.41854636591478694
0 0.32456140350877194 0.44862155388471175 0.33959899749373434 0.4473684210526316 0.33959899749373434 0.46115288220551376
0 0.2518796992481203 0.42857142857142855 0.24812030075187969 0.41604010025062654 0.2343358395989975 0.41729323308270677
0 0.07142857142857142 0.29448621553884713 0.05889724310776942 0.3107769423558897 0.046365914786967416 0.30451127819548873
0 0.09398496240601503 0.2543859649122807 0.08897243107769423 0.2694235588972431 0.07393483709273183 0.2656641604010025
0 0.06265664160401002 0.22681704260651628 0.05137844611528822 0.24185463659147868 0.03759398496240601 0.2343358395989975
