0 0.581453634085213 0.08395989974937343 0.6090225563909775 0.12406015037593984 0.6741854636591479 0.09398496240601503 0.6929824561403509 0.07894736842105263 0.6679197994987469 0.05764411027568922 0.6240601503759399 0.06892230576441102
0 0.48370927318295737 0.13659147869674185 0.47368421052631576 0.15789473684210525 0.406015037593985 0.15664160401002505
0 0.7869674185463659 0.09523809523809523 0.7531328320802005 0.10401002506265664 0.6716791979949874 0.12406015037593984 0.6165413533834586 0.14035087719298245 0.6127819548872181 0.15914786967418545 0.6741854636591479 0.13659147869674185 0.6917293233082706 0.15162907268170425 0.7005012531328321 0.16791979949874686 0.7644110275689223 0.14912280701754385 0.794486215538847 0.14786967418546365 0.8233082706766918 0.12030075187969924 0.81328320802005 0.10275689223057644
0 0.5664160401002506 0.2706766917293233 0.5676691729323309 0.30451127819548873 0.6115288220551378 0.2731829573934837 0.5927318295739349 0.2719298245614035
0 0.7969924812030075 0.15538847117794485 0.7518796992481203 0.1716791979949875 0.7744360902255639 0.21428571428571427 0.8107769423558896 0.20802005012531327 0.8533834586466166 0.19924812030075187 0.8897243107769424 0.18796992481203006 0.899749373433584 0.16666666666666663 0.8771929824561403 0.15162907268170425
0 0.669172932330827 0.1942355889724311 0.7017543859649122 0.23558897243107768 0.7406015037593986 0.22681704260651628 0.705513784461153 0.17919799498746866
0 0.5714285714285714 0.5388471177944862 0.62531328320802 0.5263157894736842 0.6604010025062657 0.5137844611528822 0.68671679197995 0.5363408521303258 0.669172932330827 0.568922305764411 0.6365914786967418 0.5877192982456141 0.5614035087719298 0.6165413533834586 0.5325814536340853 0.5977443609022557 0.5939849624060151 0.575187969924812 0.5952380952380952 0.5526315789473685
0 0.8057644110275689 0.7280701754385965 0.7919799498746866 0.7468671679197995 0.793233082706767 0.7781954887218047 0.8496240601503761 0.7894736842105263 0.8984962406015038 0.7857142857142857 0.9385964912280701 0.7744360902255639 0.9235588972431078 0.7468671679197995 0.8496240601503761 0.7343358395989976
0 0.7669172932330827 0.743107769423559 0.7706766917293233 0.7631578947368421 0.7218045112781953 0.7644110275689223 0.724310776942356 0.7280701754385965
0 0.7230576441102756 0.8107769423558896 0.7042606516290726 0.8320802005012531 0.7406015037593986 0.8558897243107769 0.7556390977443609 0.818295739348371
0 0.7606516290726817 0.8458646616541352 0.8233082706766918 0.8446115288220551 0.8596491228070176 0.8333333333333335 0.899749373433584 0.8408521303258145 0.931077694235589 0.8571428571428571 0.9285714285714286 0.87468671679198 0.9135338345864662 0.8834586466165413 0.8521303258145363 0.8809523809523809 0.8032581453634086 0.87468671679198
0 0.7005012531328321 0.8621553884711779 0.7468671679197995 0.8759398496240601 0.7882205513784462 0.8959899749373433 0.818295739348371 0.899749373433584 0.8471177944862156 0.9160401002506265 0.8471177944862156 0.9398496240601504 0.8170426065162907 0.9511278195488722 0.7255639097744361 0.9235588972431078 0.7017543859649122 0.8972431077694235
0 0.6591478696741855 0.8671679197994987 0.6453634085213033 0.87468671679198 0.6491228070175439 0.8947368421052632 0.6766917293233082 0.893483709273183
0 0.6503759398496239 0.9172932330827066 0.7017543859649122 0.93734335839599 0.7330827067669173 0.9511278195488722 0.731829573934837 0.9711779448621553 0.7180451127819549 0.9749373433583961 0.669172932330827 0.9699248120300752 0.6303258145363408 0.9523809523809522
0 0.6303258145363408 0.2794486215538847 0.6491228070175439 0.2932330827067669 0.6679197994987469 0.2781954887218045 0.6403508771929824 0.2593984962406015
0 0.6979949874686717 0.2518796992481203 0.6791979949874687 0.31704260651629074 0.7393483709273183 0.3132832080200501 0.7919799498746866 0.30451127819548873 0.8508771929824561 0.3007518796992481 0.893483709273183 0.2857142857142857 0.9110275689223057 0.2631578947368421 0.8922305764411027 0.24561403508771928 0.8057644110275689 0.24185463659147868 0.7731829573934837 0.2531328320802005 0.7468671679197995 0.2543859649122807
0 0.41854636591478694 0.43859649122807015 0.46616541353383456 0.43358395989974935 0.4899749373433584 0.43859649122807015 0.4849624060150376 0.45363408521303256 0.45112781954887216 0.45363408521303256
0 0.5426065162907269 0.39473684210526316 0.600250626566416 0.41854636591478694 0.6353383458646616 0.4235588972431078 0.6591478696741855 0.43734335839599 0.68796992481203 0.45614035087719296 0.6766917293233082 0.48746867167919805 0.5827067669172933 0.47869674185463656 0.6165413533834586 0.45112781954887216 0.5939849624060151 0.4298245614035088 0.5238095238095238 0.40977443609022557
