0 0.05337343358395992 0.7138696741854639 0.1300977443609023 0.6871829573934839 0.15178070175438602 0.6671679197994991 0.22016541353383468 0.7438922305764415 0.1684598997493735 0.7639072681704263 0.2285050125313284 0.78559022556391 0.23851253132832087 0.818948621553885 0.20181829573934845 0.818948621553885
0 0.24685213032581463 0.7372205513784463 0.2351766917293234 0.7905939849624063 0.25852756892230583 0.8356278195488724 0.30356140350877203 0.8523070175438598 0.37361403508771945 0.8556428571428575 0.3902932330827069 0.8356278195488724 0.3802857142857144 0.7438922305764415 0.33358395989974954 0.7272130325814539
0 0.46368170426065175 0.6521566416040102 0.5203909774436092 0.653824561403509 0.5837719298245616 0.633809523809524 0.5954473684210528 0.7055300751879702 0.6137944862155391 0.7572355889724314 0.6238020050125316 0.7572355889724314 0.620466165413534 0.8606466165413537 0.5537493734335841 0.8973408521303261 0.5003759398496243 0.8422994987468675
0 0.7372205513784463 0.6855150375939852 0.8039373433583963 0.6921867167919803 0.81227694235589 0.6788433583959902 0.8523070175438598 0.680511278195489 0.8823295739348374 0.6688358395989976 0.8990087719298249 0.7555676691729326 0.8372957393483712 0.8172807017543863 0.8006015037593986 0.805605263157895 0.7522318295739351 0.7472280701754389
0 0.8006015037593986 0.00667167919799499 0.8006015037593986 0.050037593984962415 0.8539749373433587 0.08006015037593989 0.8473032581453637 0.11842230576441107 0.7972656641604012 0.1551165413533835 0.7955977443609027 0.21182581453634092 0.8773258145363411 0.29355388471177957 0.9807368421052636 0.35026315789473694 0.997416040100251 0.3519310776942357 0.9940802005012535 0.30856516290726826 0.9790689223057647 0.30689724310776956 0.9807368421052636 0.2852142857142858 0.9990839598997497 0.27687468671679205 0.997416040100251 0.18347117794486223 0.9357030075187973 0.13510150375939856 0.9323671679197997 0.09006766917293235 0.9206917293233086 0.0667167919799499 0.8356278195488724 0.005003759398496243
0 0.6988583959899752 0.3986328320802006 0.7272130325814539 0.3986328320802006 0.74556015037594 0.42698746867167936 0.7522318295739351 0.4703533834586468 0.7155375939849626 0.46534962406015057 0.6871829573934839 0.48202882205513803 0.7122017543859651 0.515387218045113 0.6755075187969927 0.5904436090225565 0.6454849624060153 0.5354022556390979 0.6154624060150378 0.46368170426065175 0.5704285714285716 0.46534962406015057 0.5654248120300753 0.3919611528822057 0.6388132832080202 0.3852894736842106 0.6638320802005014 0.42365162907268183 0.6855150375939852 0.42031578947368436 0.6888508771929827 0.41197619047619066
0 0.7605714285714288 0.5754323308270679 0.7605714285714288 0.5987832080200504 0.7872581453634088 0.6137944862155391 0.8022694235588975 0.6054548872180453 0.8022694235588975 0.5737644110275691
0 0.018347117794486223 0.08006015037593989 0.038362155388471195 0.27520676691729334 0.08172807017543862 0.2702030075187971 0.12842982456140356 0.30856516290726826 0.158452380952381 0.3135689223057645 0.15678446115288225 0.330248120300752 0.11842230576441107 0.34192355889724324 0.11508646616541357 0.316904761904762 0.0700526315789474 0.28354636591478705 0.04169799498746869 0.2852142857142858 0.030022556390977454 0.3319160401002507 0.01334335839598998 0.3786177944862157 0.1267619047619048 0.42865538847117807 0.17012781954887224 0.40864035087719314 0.22350125313283215 0.42031578947368436 0.26186340852130335 0.42031578947368436 0.2702030075187971 0.39529699248120315 0.22016541353383468 0.33525187969924825 0.21682957393483718 0.3052293233082708 0.1401052631578948 0.27687468671679205 0.17513157894736847 0.2735388471177946 0.18680701754385973 0.23184085213032588 0.12842982456140356 0.23017293233082714 0.09673934837092733 0.18680701754385973 0.11175062656641607 0.1801353383458647 0.1267619047619048 0.14677694235588978 0.11675438596491232 0.10341102756892234
0 0.20848997493734342 0.2735388471177946 0.25852756892230583 0.3135689223057645 0.2852142857142858 0.2952218045112783 0.3119010025062658 0.2952218045112783 0.3135689223057645 0.33525187969924825 0.36861027568922317 0.3385877192982457 0.3619385964912281 0.2735388471177946 0.32024060150375955 0.2601954887218046 0.310233082706767 0.2218333333333334 0.27687468671679205 0.22516917293233094 0.27687468671679205 0.2568596491228071 0.2218333333333334 0.2568596491228071
0 0.15344862155388478 0.5237268170426067 0.24018045112781963 0.4970401002506267 0.2451842105263159 0.44867042606516305 0.2785426065162908 0.4069724310776944 0.3519310776942357 0.3602706766917294 0.37528195488721816 0.35693483709273194 0.40196867167919814 0.3986328320802006 0.43532706766917306 0.3986328320802006 0.4369949874686718 0.37194611528822075 0.4853646616541355 0.3652744360902257 0.48369674185463674 0.3986328320802006 0.5354022556390979 0.40196867167919814 0.5687606516290729 0.47702506265664174 0.5887756892230579 0.5303984962406016 0.5587531328320804 0.5303984962406016 0.5303984962406016 0.48369674185463674 0.508715538847118 0.4970401002506267 0.528730576441103 0.5320664160401004 0.5237268170426067 0.5487456140350879 0.4570100250626568 0.5537493734335841 0.3852894736842106 0.46368170426065175 0.3619385964912281 0.46868546365914804 0.3519310776942357 0.515387218045113 0.3519310776942357 0.5654248120300753 0.34192355889724324 0.5787681704260653 0.24018045112781963 0.5637568922305767
0 0.2718709273182958 0.627137844611529 0.3219085213032582 0.6354774436090228 0.3402556390977445 0.6171303258145365 0.30356140350877203 0.5871077694235591
0 0.26853508771929835 0.6671679197994991 0.27520676691729334 0.7005263157894739 0.31523684210526326 0.6905187969924814 0.3185726817042608 0.6554924812030077 0.2852142857142858 0.6521566416040102
0 0.3402556390977445 0.6488208020050128 0.34192355889724324 0.673839598997494 0.3602706766917294 0.6671679197994991 0.36360651629072693 0.6321416040100253
0 0.5871077694235591 0.158452380952381 0.5937794486215541 0.19181077694235596 0.620466165413534 0.1901428571428572 0.6288057644110278 0.1684598997493735 0.627137844611529 0.15178070175438602
0 0.3936290726817044 0.28688220551378457 0.39529699248120315 0.32024060150375955 0.42865538847117807 0.32024060150375955 0.4369949874686718 0.2918859649122808
0 0.022556390977443604 0.7606516290726817 0.11152882205513784 0.8496240601503761 0.12406015037593984 0.899749373433584 0.11904761904761903 0.9210526315789473 0.07894736842105263 0.9223057644110275 0.04887218045112782 0.9110275689223057 0.008771929824561403 0.8483709273182957 0.002506265664160401 0.775689223057644
