0 0.0015162907268170432 0.6413909774436093 0.006065162907268173 0.6777819548872182 0.030325814536340857 0.6838471177944864 0.02426065162907269 0.7111403508771932 0.0015162907268170432 0.7156892230576443 0.004548872180451129 0.8006015037593986 0.06216791979949877 0.8582205513784463 0.06823308270676694 0.8991604010025065 0.13040100250626568 0.95374686716792 0.19256892230576445 0.9992355889724313 0.19711779448621558 0.9446491228070176 0.15011278195488725 0.9097744360902257 0.1516290726817043 0.8703508771929827 0.1834711779448622 0.8400250626566418 0.20015037593984966 0.8400250626566418 0.19863408521303264 0.7657268170426067 0.09704260651629076 0.676265664160401
0 0.13040100250626568 0.33661654135338354 0.09855889724310779 0.2653508771929825 0.13646616541353387 0.20773182957393488 0.18043859649122812 0.1834711779448622 0.23199248120300758 0.23502506265664166 0.25018796992481207 0.30629072681704267 0.19711779448621558 0.31538847117794494
0 0.18953634085213036 0.40333333333333343 0.20015037593984966 0.42759398496240614 0.23654135338345872 0.42759398496240614 0.23654135338345872 0.3851378446115289 0.19711779448621558 0.386654135338346
0 0.23805764411027575 0.527669172932331 0.2880952380952382 0.527669172932331 0.31235588972431083 0.5094736842105264 0.29567669172932337 0.4988596491228071 0.2880952380952382 0.46398496240601517 0.3093233082706768 0.4564035087719299 0.31538847117794494 0.4003007518796993 0.34116541353383467 0.43062656641604025 0.37604010025062673 0.5261528822055139 0.4184962406015039 0.5352506265664162 0.42759398496240614 0.6034837092731831 0.3563283208020051 0.6034837092731831 0.3381328320802005 0.5913533834586467 0.3260025062656642 0.5701253132832081 0.318421052631579 0.5837719298245615 0.26231829573934845 0.5928696741854638 0.23957393483709277 0.5549624060150378
0 0.35936090225563916 0.14708020050125317 0.36997493734335846 0.26231829573934845 0.38817042606516305 0.247155388471178 0.4093984962406016 0.353295739348371 0.4200125313283209 0.3669423558897244 0.4761152882205515 0.34116541353383467 0.530701754385965 0.34419799498746867 0.5125062656641605 0.26989974937343364 0.494310776942356 0.21682957393483715 0.4867293233082708 0.14101503759398498 0.4457894736842106 0.10614035087719302 0.4003007518796993 0.11068922305764413
0 0.2744486215538848 0.7551127819548874 0.28354636591478705 0.7763408521303261 0.30174185463659153 0.7748245614035089 0.30174185463659153 0.7520802005012535
0 0.31538847117794494 0.7126566416040102 0.31690476190476197 0.7399498746867169 0.34116541353383467 0.7399498746867169 0.34116541353383467 0.7141729323308271
0 0.34419799498746867 0.7596616541353385 0.37149122807017554 0.7854385964912283 0.3790726817042607 0.7520802005012535
0 0.3669423558897244 0.8051503759398498 0.3669423558897244 0.8354761904761907 0.3912030075187971 0.8324436090225565 0.4003007518796993 0.8066666666666669
0 0.4063659147869675 0.46398496240601517 0.45791979949874695 0.5883208020050127 0.49279448621553895 0.5883208020050127 0.4988596491228071 0.6156140350877194 0.5170551378446117 0.6247117794486217 0.5458646616541355 0.6171303258145365 0.5504135338345866 0.5928696741854638 0.5807393483709274 0.5898370927318297 0.6110651629072683 0.6307769423558899 0.6383583959899751 0.6307769423558899 0.6792982456140354 0.6065162907268172 0.7172055137844613 0.598934837092732 0.7611779448621554 0.6611027568922307 0.7551127819548874 0.6747493734335841 0.8142481203007521 0.6974937343358397 0.8278947368421055 0.7035588972431079 0.8006015037593986 0.7187218045112783 0.8051503759398498 0.7535964912280704 0.8491228070175442 0.7535964912280704 0.8779323308270679 0.7945363408521305 0.8642857142857144 0.8172807017543862 0.8658020050125316 0.8779323308270679 0.9264536340852132 0.9037092731829576 0.9780075187969927 0.9158395989974939 0.9461654135338349 0.7748245614035089 0.9491979949874689 0.7005263157894739 0.9249373433583962 0.7172055137844613 0.8961278195488724 0.7141729323308271 0.8703508771929827 0.6853634085213034 0.8172807017543862 0.6732330827067671 0.8187969924812032 0.6595864661654137 0.8642857142857144 0.6429072681704262 0.8642857142857144 0.6656516290726819 0.9112907268170428 0.706591478696742 0.9476817042606518 0.6777819548872182 0.952230576441103 0.6065162907268172 0.8597368421052632 0.5625438596491229 0.8036340852130328 0.5837719298245615 0.7596616541353385 0.5625438596491229 0.7475313283208022 0.5109899749373434 0.8385087719298248 0.47308270676691744 0.7399498746867169 0.4321428571428572 0.636842105263158 0.4215288220551379 0.6292606516290729 0.4882456140350878 0.5913533834586467 0.5064411027568924 0.527669172932331 0.4427568922305765 0.4655012531328322 0.4488220551378447 0.47914786967418554 0.4897619047619049 0.45337092731829587 0.5003759398496241 0.45337092731829587 0.47459899749373446
0 0.600451127819549 0.1622431077694236 0.601967418546366 0.27293233082706775 0.6307769423558899 0.2532205513784462 0.6520050125313284 0.27141604010025067 0.7126566416040102 0.2653508771929825 0.7323684210526318 0.3032581453634086 0.7444987468671681 0.24260651629072685 0.8278947368421055 0.3260025062656642 0.9264536340852132 0.28203007518796996 0.7945363408521305 0.19256892230576445 0.7505639097744363 0.18043859649122812 0.7247869674185465 0.14556390977443612 0.6641353383458647 0.13949874686716796 0.6171303258145365 0.1440476190476191
0 0.8339598997493735 0.09855889724310779 0.952230576441103 0.23502506265664166 0.9946867167919803 0.21834586466165418 0.9977192982456142 0.11372180451127821 0.9431328320802007 0.08187969924812032 0.8870300751879703 0.08187969924812032 0.8536716791979951 0.07884711779448624
0 0.6201629072681706 0.3244862155388472 0.6277443609022558 0.3654260651629074 0.6520050125313284 0.35177944862155397 0.6504887218045114 0.3260025062656642
0 0.6747493734335841 0.29567669172932337 0.668684210526316 0.3381328320802005 0.6959774436090227 0.34723057644110283 0.7156892230576443 0.3244862155388472 0.706591478696742 0.3002255639097745
0 0.6459398496240603 0.386654135338346 0.6883959899749373 0.41243107769423576 0.7247869674185465 0.3639097744360903 0.6565538847117796 0.36997493734335846
0 0.5488972431077696 0.6823308270676693 0.5837719298245615 0.7020426065162908 0.5883208020050127 0.6656516290726819
0 0.6201629072681706 0.6671679197994989 0.6292606516290729 0.7126566416040102 0.6732330827067671 0.7308521303258148 0.6792982456140354 0.7611779448621554 0.7020426065162908 0.7566290726817044 0.7020426065162908 0.7202380952380955 0.741466165413534 0.7338847117794488 0.773308270676692 0.7156892230576443 0.7475313283208022 0.6914285714285717 0.705075187969925 0.6914285714285717 0.7005263157894739 0.7020426065162908 0.6808145363408523 0.7020426065162908 0.67171679197995 0.6550375939849625
