0 0.5279448621553885 0.81328320802005 0.5320802005012532 0.8573934837092733 0.5734335839598999 0.8946115288220553 0.5817042606516292 0.9097744360902257 0.5720551378446116 0.9318295739348372 0.5679197994987469 0.9649122807017545 0.5527568922305764 0.9979949874686718 0.5169172932330828 0.9952380952380954 0.5114035087719299 0.9773182957393485 0.5100250626566416 0.9235588972431078 0.5127819548872181 0.8808270676691731 0.5169172932330828 0.856015037593985
0 0.5706766917293233 0.8256892230576441 0.587218045112782 0.8753132832080202 0.5982456140350878 0.8505012531328322 0.5954887218045113 0.8284461152882208 0.6051378446115289 0.8284461152882208 0.6161654135338347 0.8091478696741855 0.5817042606516292 0.805012531328321
0 0.20401002506265667 0.7002506265664161 0.2191729323308271 0.7319548872180451 0.22330827067669176 0.7802005012531329 0.2605263157894737 0.7912280701754387 0.25639097744360906 0.8063909774436091 0.22330827067669176 0.8160401002506267 0.18884711779448624 0.8215538847117795 0.17092731829573934 0.7926065162907269 0.17092731829573934 0.7388471177944864 0.17781954887218046 0.7195488721804512
0 0.41491228070175445 0.6037593984962406 0.4397243107769424 0.6299498746867168 0.45626566416040104 0.6588972431077695 0.47694235588972433 0.6575187969924812 0.48245614035087725 0.624436090225564 0.5031328320802005 0.6106516290726818 0.5031328320802005 0.5610275689223059 0.4921052631578948 0.5224310776942357 0.5100250626566416 0.5169172932330828 0.5224310776942357 0.4521303258145364 0.49624060150375937 0.38872180451127825 0.48383458646616545 0.35150375939849626 0.481077694235589 0.3211779448621554 0.45902255639097755 0.318421052631579 0.43283208020050135 0.3280701754385965 0.43145363408521303 0.38734335839599 0.42869674185463663 0.44385964912280707 0.412155388471178 0.37907268170426067 0.39837092731829576 0.38872180451127825 0.39699248120300756 0.4479949874686717 0.41491228070175445 0.45902255639097755 0.44248120300751886 0.45764411027568924 0.4493734335839599 0.49486215538847117 0.4479949874686717 0.5444862155388471 0.4052631578947368 0.5858395989974938
0 0.5610275689223059 0.5100250626566416 0.5541353383458647 0.5541353383458647 0.5651629072681705 0.555513784461153 0.5830827067669173 0.5210526315789474
0 0.1598997493734336 0.4921052631578948 0.16817042606516291 0.5320802005012532 0.16817042606516291 0.5844611528822056 0.13508771929824562 0.5941102756892231 0.14749373433583962 0.5596491228070176 0.15025062656641605 0.5100250626566416 0.13508771929824562 0.4976190476190477 0.12819548872180453 0.4879699248120301 0.10200501253132833 0.505889724310777 0.09511278195488723 0.5320802005012532 0.08959899749373434 0.5637844611528823 0.09786967418546366 0.5954887218045113 0.11441102756892231 0.6161654135338347 0.1406015037593985 0.6203007518796994 0.17092731829573934 0.6092731829573935 0.2343358395989975 0.5817042606516292 0.2067669172932331 0.5679197994987469 0.20814536340852133 0.5320802005012532 0.20814536340852133 0.4865914786967419 0.2660401002506266 0.4383458646616542 0.19436090225563912 0.4631578947368421 0.13508771929824562 0.48383458646616545
0 0.24467170290720283 0.4803650009718764 0.23855491033452278 0.534396668697217 0.25996368433890304 0.5731363549908575 0.31093695577790365 0.5517275809864772 0.3486571766427641 0.541532926698677 0.32826786806716385 0.48444286268699643 0.3272484026383838 0.45283943439481605 0.3099174903491236 0.4385669183918959 0.337443056926184 0.4242944023889757 0.3272484026383838 0.39472990495435534 0.2997228360613235 0.4242944023889757 0.29360604348864344 0.4304111949616558 0.29462550891742345 0.41409974810117556 0.2487495646223229 0.4375474529631158 0.2844308546296233 0.43652798753433586 0.2823919237720633 0.4752676738279763
0 0.6137181881255671 0.03078074687989112 0.6086208609816671 0.04403379745403127 0.5719201055455866 0.04607272831159129 0.5668227784016866 0.0960265343218119 0.5749785018319268 0.1317078243291123 0.5464334698260864 0.13680515147301237 0.5474529352548664 0.1153963774686321 0.5178884378202461 0.12966889347155228 0.5178884378202461 0.1571944600486126 0.5025964563885459 0.19491468091347305 0.48322661324172567 0.23263490177833346 0.44754532323442525 0.22345971291931335 0.44652585780564524 0.20714826605883319 0.42307815294370493 0.22957650549199343 0.38841632836518447 0.22957650549199343 0.33846252235496394 0.23875169435101357 0.3333651952110639 0.2244791783480934 0.40982510236956476 0.20510933520127314 0.43938959980418507 0.1847200266256729 0.4607983738085653 0.16127232176373266 0.45977890837978536 0.1337467551866723 0.4557010466646653 0.09398760346425185 0.4455063923768652 0.07665669117499165 0.429194945516385 0.08787081089157178 0.41288349865590485 0.09500706889303187 0.39657205179542465 0.08175401831889172 0.40268884436810465 0.033839143166231156
0 0.31093695577790365 0.28054977693099403 0.32215107549448374 0.3029780163641543 0.32113161006570373 0.364145942090955 0.30787855949156356 0.364145942090955 0.2762751311993832 0.3294841175124346 0.2762751311993832 0.2968612237914742 0.24569116833598287 0.2683161917856339 0.2976839052037635 0.2418100906373536 0.3119564212066836 0.23365436720711352
0 0.2059320166135624 0.2744329843583139 0.21408774004380252 0.29991962007781425 0.19675682775454229 0.3284646520836546 0.18044538089406215 0.2917638966475742 0.16311446860480192 0.28258870778855405
0 0.37312434693348434 0.6852775521566588 0.39147472465152455 0.712803118733719 0.3680270197895843 0.7321729618805393 0.36394915807446426 0.7005695335883589
