0 0.05026455026455026 0.2204585537918871 0.04409171075837742 0.2768959435626102 0.05555555555555555 0.30511463844797176 0.05202821869488536 0.36155202821869487 0.05996472663139329 0.3765432098765432 0.07760141093474426 0.3544973544973545 0.07760141093474426 0.3350970017636684 0.0837742504409171 0.3377425044091711 0.08641975308641975 0.3668430335097001 0.09788359788359788 0.3703703703703704 0.09876543209876543 0.3835978835978836 0.08112874779541446 0.4312169312169312 0.10405643738977072 0.4894179894179894 0.12169312169312169 0.4832451499118166 0.13668430335097 0.4559082892416226 0.14285714285714285 0.36419753086419754 0.13668430335097 0.3395061728395062 0.12257495590828923 0.345679012345679 0.12962962962962962 0.31746031746031744 0.10052910052910052 0.2345679012345679
0 0.07054673721340388 0.5590828924162258 0.082010582010582 0.5537918871252204 0.10141093474426807 0.5105820105820106 0.11904761904761903 0.5291005291005291 0.11728395061728394 0.6172839506172839 0.09435626102292768 0.6340388007054674 0.06701940035273368 0.6225749559082893
0 0.03350970017636684 0.1710758377425044 0.03968253968253968 0.23897707231040563 0.04144620811287478 0.36067019400352734 0.06437389770723104 0.5 0.05996472663139329 0.5731922398589065 0.04497354497354497 0.7804232804232805 0.020282186948853614 0.7592592592592592 0.023809523809523808 0.5573192239858906 0.02821869488536155 0.49559082892416223 0.014109347442680775 0.4753086419753087 0.001763668430335097 0.44973544973544965 0.003527336860670194 0.31569664902998235 0.010582010582010581 0.2495590828924162 0.015873015873015872 0.18165784832451495
0 0.18253968253968253 0.30511463844797176 0.15696649029982362 0.36419753086419754 0.1693121693121693 0.41005291005291006 0.15873015873015872 0.43386243386243384 0.1657848324514991 0.48500881834215165 0.13756613756613756 0.6014109347442681 0.15079365079365079 0.6278659611992945 0.1746031746031746 0.6084656084656085 0.18871252204585537 0.5291005291005291 0.2037037037037037 0.4585537918871252 0.2054673721340388 0.42239858906525574 0.20282186948853614 0.3315696649029982
0 0.24691358024691357 0.3994708994708995 0.22663139329805998 0.4603174603174603 0.24250440917107582 0.4991181657848324
0 0.4188712522045856 0.2839506172839506 0.4109347442680776 0.33245149911816585 0.41622574955908287 0.40476190476190477 0.4118165784832451 0.47354497354497355 0.40035273368606705 0.527336860670194 0.38977072310405636 0.54673721340388 0.38536155202821865 0.6252204585537919 0.3977072310405644 0.6781305114638448 0.41798941798941797 0.5485008818342152 0.4444444444444444 0.6164021164021164 0.4708994708994709 0.5802469135802469 0.47442680776014107 0.6225749559082893 0.49823633156966485 0.6252204585537919 0.4991181657848324 0.45943562610229277 0.4409171075837742 0.44532627865961205 0.4470899470899471 0.3950617283950617 0.4682539682539682 0.33686067019400345 0.4523809523809524 0.2945326278659612 0.4400352733686067 0.2795414462081129
0 0.32539682539682535 0.3395061728395062 0.3377425044091711 0.3871252204585538 0.33333333333333326 0.4409171075837742 0.3201058201058201 0.4294532627865961 0.318342151675485 0.37742504409171074
0 0.2927689594356261 0.2848324514991182 0.2980599647266314 0.37213403880070545 0.29894179894179895 0.4126984126984127 0.2830687830687831 0.4761904761904761 0.2698412698412698 0.4585537918871252 0.2777777777777778 0.37742504409171074 0.2804232804232804 0.30952380952380953
0 0.3447971781305115 0.47707231040564374 0.34391534391534395 0.5211640211640212 0.355379188712522 0.5476190476190477 0.3765432098765432 0.5326278659611993 0.38536155202821865 0.4991181657848324
0 0.32892416225749554 0.5987654320987654 0.3377425044091711 0.6234567901234568 0.3412698412698413 0.681657848324515 0.33333333333333326 0.708994708994709 0.318342151675485 0.7945326278659612 0.3165784832451499 0.701058201058201 0.31569664902998235 0.607583774250441
0 0.36860670194003525 0.775132275132275 0.34832451499118167 0.783068783068783 0.34038800705467376 0.8280423280423279 0.36772486772486773 0.8271604938271605 0.36419753086419754 0.9885361552028219 0.47883597883597884 0.9929453262786596 0.5 0.9047619047619048 0.5 0.8130511463844797 0.4964726631393298 0.6322751322751323 0.38271604938271603 0.7001763668430335
