0 0.18386243386243387 0.007936507936507936 0.21031746031746032 0.04894179894179894 0.18386243386243387 0.06878306878306878 0.17857142857142858 0.10582010582010583 0.16137566137566137 0.15608465608465608 0.23941798941798942 0.1388888888888889 0.3148148148148148 0.09126984126984126 0.3875661375661375 0.047619047619047616 0.47883597883597884 0.041005291005291 0.4761904761904761 0.006613756613756614
0 0.5687830687830688 0.021164021164021163 0.5634920634920635 0.06084656084656084 0.578042328042328 0.08465608465608465 0.5687830687830688 0.13756613756613756 0.5634920634920635 0.17063492063492064 0.6322751322751323 0.24074074074074073 0.656084656084656 0.23015873015873015 0.6693121693121694 0.11375661375661375 0.6494708994708993 0.0582010582010582 0.6018518518518519 0.08465608465608465 0.5912698412698413 0.023809523809523808
0 0.7129629629629629 0.006613756613756614 0.6917989417989417 0.026455026455026457 0.6997354497354498 0.08068783068783068 0.6957671957671958 0.10052910052910052 0.6772486772486772 0.07804232804232804 0.6772486772486772 0.1111111111111111 0.7116402116402116 0.14814814814814814 0.7208994708994709 0.1349206349206349 0.7116402116402116 0.08862433862433862 0.7103174603174603 0.022486772486772486 0.7447089947089947 0.06481481481481481 0.7447089947089947 0.13227513227513227 0.7685185185185185 0.18121693121693125 0.8148148148148148 0.18386243386243387 0.8108465608465607 0.20238095238095238 0.8492063492063493 0.24206349206349206 0.8359788359788359 0.29894179894179895 0.8492063492063493 0.3862433862433862 0.8584656084656085 0.40608465608465605 0.7936507936507937 0.4312169312169312 0.7645502645502645 0.458994708994709 0.7685185185185185 0.5132275132275133 0.7473544973544973 0.5026455026455027 0.75 0.5608465608465608 0.7698412698412699 0.5568783068783069 0.8029100529100529 0.6415343915343915 0.9338624338624338 0.5767195767195767 0.9563492063492063 0.544973544973545 0.9682539682539683 0.4973544973544973 0.9656084656084656 0.44179894179894175 0.9550264550264551 0.4126984126984127 0.9259259259259259 0.3783068783068783 0.9986772486772487 0.3425925925925926 0.996031746031746 0.14814814814814814 0.9801587301587301 0.13227513227513227 0.9537037037037037 0.1335978835978836 0.9126984126984127 0.14682539682539683 0.9325396825396826 0.12433862433862433 0.9365079365079364 0.082010582010582 0.9312169312169312 0.037037037037037035 0.9126984126984127 0.0026455026455026454
0 0.6296296296296297 0.2566137566137566 0.6150793650793651 0.2804232804232804 0.5965608465608465 0.3029100529100529 0.6124338624338624 0.32142857142857145 0.6031746031746031 0.3584656084656085 0.6031746031746031 0.3862433862433862 0.5846560846560847 0.38888888888888895 0.6058201058201058 0.4444444444444444 0.6058201058201058 0.40608465608465605 0.6309523809523809 0.3425925925925926 0.6428571428571429 0.3955026455026455 0.6256613756613757 0.4087301587301587 0.6111111111111112 0.43253968253968256 0.6243386243386243 0.4510582010582011 0.6455026455026455 0.42460317460317465 0.6521164021164022 0.455026455026455 0.6243386243386243 0.4761904761904761 0.6177248677248677 0.5013227513227513 0.6468253968253969 0.5119047619047619 0.7367724867724867 0.45634920634920634 0.7129629629629629 0.4193121693121693 0.7275132275132276 0.37566137566137564 0.7314814814814815 0.33333333333333326 0.7116402116402116 0.3002645502645503 0.6891534391534393 0.2698412698412698 0.6613756613756614 0.2896825396825397 0.6428571428571429 0.31746031746031744 0.6362433862433863 0.2896825396825397 0.6587301587301587 0.26587301587301587
0 0.35978835978835977 0.2222222222222222 0.3505291005291005 0.2566137566137566 0.32275132275132273 0.25396825396825395 0.33597883597883604 0.2896825396825397 0.35714285714285715 0.2857142857142857 0.3796296296296296 0.23809523809523805
0 0.373015873015873 0.4682539682539682 0.3558201058201058 0.47883597883597884 0.3584656084656085 0.5092592592592593 0.37566137566137564 0.541005291005291 0.39285714285714285 0.5105820105820106
0 0.32407407407407407 0.6785714285714286 0.3306878306878307 0.7116402116402116 0.35185185185185186 0.6904761904761905 0.35185185185185186 0.6746031746031746
0 0.35185185185185186 0.75 0.33201058201058203 0.7513227513227513 0.3267195767195767 0.791005291005291 0.32407407407407407 0.8240740740740741 0.33201058201058203 0.8293650793650794 0.3505291005291005 0.8227513227513228 0.37566137566137564 0.7777777777777779
0 0.6150793650793651 0.6190476190476191 0.5952380952380952 0.6613756613756614 0.6111111111111112 0.7023809523809522 0.6071428571428571 0.7473544973544973 0.6455026455026455 0.708994708994709 0.6574074074074074 0.6772486772486772 0.6759259259259259 0.6798941798941799 0.6851851851851852 0.6613756613756614 0.6984126984126984 0.6468253968253969 0.6944444444444444 0.6150793650793651 0.6798941798941799 0.6084656084656085 0.6481481481481481 0.6296296296296297 0.6322751322751323 0.6031746031746031 0.6455026455026455 0.5714285714285714 0.6164021164021164 0.5542328042328042 0.6084656084656085 0.5873015873015873 0.626984126984127 0.5873015873015873
0 0.4656084656084656 0.876984126984127 0.4298941798941799 0.8968253968253969 0.44973544973544965 0.9550264550264551 0.47354497354497355 0.9378306878306879 0.47751322751322756 0.8875661375661376 0.5304232804232805 0.8849206349206349 0.5370370370370371 0.9219576719576721 0.5317460317460317 0.9431216931216931 0.5224867724867724 0.9854497354497355 0.548941798941799 0.9973544973544973 0.7473544973544973 0.9986772486772487 0.7764550264550265 0.9828042328042328 0.8095238095238095 0.9550264550264551 0.8161375661375662 0.9126984126984127 0.8095238095238095 0.8664021164021165 0.791005291005291 0.8293650793650794 0.7605820105820107 0.8095238095238095 0.7301587301587301 0.8055555555555556 0.6997354497354498 0.8121693121693121 0.6388888888888888 0.8333333333333335 0.5859788359788359 0.8492063492063493 0.5105820105820106 0.8584656084656085
0 0.39814814814814814 0.9563492063492063 0.4126984126984127 0.9206349206349206 0.38888888888888895 0.9034391534391534 0.3716931216931217 0.9457671957671958 0.35317460317460314 0.9417989417989417 0.3544973544973545 0.9113756613756614 0.33201058201058203 0.9285714285714286 0.3346560846560847 0.9603174603174603 0.34656084656084657 0.9920634920634922 0.4113756613756614 0.9973544973544973
