0 0.06746031746031746 0.6243386243386243 0.09391534391534391 0.6441798941798942 0.07275132275132275 0.7023809523809522 0.0582010582010582 0.7222222222222221 0.041005291005291 0.7142857142857143 0.037037037037037035 0.6970899470899471 0.0462962962962963 0.6574074074074074
0 0.1349206349206349 0.6362433862433863 0.14153439153439154 0.6613756613756614 0.1164021164021164 0.6653439153439153 0.1164021164021164 0.6494708994708993
0 0.10317460317460317 0.6891534391534393 0.1335978835978836 0.7222222222222221 0.12037037037037036 0.753968253968254 0.11375661375661375 0.7896825396825397 0.09523809523809523 0.8293650793650794 0.082010582010582 0.83994708994709 0.06349206349206349 0.8174603174603174 0.07142857142857142 0.7817460317460317
0 0.16798941798941802 0.6931216931216931 0.1931216931216931 0.7129629629629629 0.18783068783068782 0.7301587301587301 0.15211640211640212 0.7261904761904762
0 0.15211640211640212 0.7777777777777779 0.17724867724867724 0.8214285714285714 0.1746031746031746 0.8743386243386243 0.14814814814814814 0.9113756613756614 0.12698412698412698 0.9047619047619048 0.13227513227513227 0.8082010582010583
0 0.2328042328042328 0.7857142857142857 0.26455026455026454 0.7817460317460317 0.27380952380952384 0.8108465608465607 0.2724867724867725 0.8505291005291007 0.2605820105820106 0.8994708994708993 0.2526455026455027 0.9219576719576721 0.2275132275132275 0.9193121693121694 0.21957671957671956 0.8306878306878306
0 0.25 0.7222222222222221 0.23544973544973544 0.7433862433862434 0.23941798941798942 0.7632275132275133 0.2619047619047619 0.7566137566137566
0 0.4576719576719577 0.5634920634920635 0.4682539682539682 0.6005291005291006 0.48148148148148145 0.6375661375661376 0.48677248677248675 0.66005291005291 0.4669312169312169 0.6746031746031746 0.43915343915343913 0.6666666666666665 0.4193121693121693 0.6349206349206349 0.3835978835978836 0.5515873015873016 0.40476190476190477 0.5264550264550265 0.42460317460317465 0.5674603174603174
0 0.5582010582010583 0.4193121693121693 0.5582010582010583 0.43386243386243384 0.5674603174603174 0.4510582010582011 0.5674603174603174 0.47883597883597884 0.5515873015873016 0.5013227513227513 0.544973544973545 0.4761904761904761
0 0.5833333333333334 0.5357142857142857 0.5859788359788359 0.5674603174603174 0.5806878306878307 0.5925925925925926 0.5701058201058201 0.6335978835978836 0.5542328042328042 0.6693121693121694 0.5317460317460317 0.6865079365079364 0.5145502645502645 0.6653439153439153 0.5224867724867724 0.6031746031746031 0.5224867724867724 0.5740740740740741 0.5502645502645502 0.6018518518518519 0.5701058201058201 0.5965608465608465
0 0.6785714285714286 0.5793650793650794 0.667989417989418 0.58994708994709 0.6666666666666665 0.6812169312169312 0.6812169312169312 0.6759259259259259 0.6970899470899471 0.6375661375661376 0.7275132275132276 0.5767195767195767 0.7037037037037037 0.5582010582010583 0.6917989417989417 0.5767195767195767
0 0.7341269841269841 0.6005291005291006 0.716931216931217 0.6415343915343915 0.7142857142857143 0.6640211640211641 0.6944444444444444 0.7301587301587301 0.6865079365079364 0.7685185185185185 0.6917989417989417 0.8029100529100529 0.7037037037037037 0.8134920634920636 0.7222222222222221 0.8015873015873016 0.7314814814814815 0.7552910052910053 0.7566137566137566 0.6891534391534393 0.7222222222222221 0.6640211640211641 0.7592592592592592 0.5992063492063492
0 0.7566137566137566 0.7380952380952381 0.746031746031746 0.7738095238095238 0.7367724867724867 0.8253968253968254 0.7394179894179893 0.8650793650793651 0.7513227513227513 0.8809523809523809 0.7738095238095238 0.8690476190476191 0.7857142857142857 0.8465608465608466 0.7870370370370371 0.8134920634920636 0.8015873015873016 0.7605820105820107 0.7738095238095238 0.753968253968254
0 0.7870370370370371 0.66005291005291 0.7671957671957672 0.6825396825396826 0.7857142857142857 0.7156084656084656 0.8095238095238095 0.7182539682539683 0.8214285714285714 0.701058201058201
0 0.83994708994709 0.6891534391534393 0.8386243386243386 0.7433862433862434 0.8293650793650794 0.8452380952380952 0.8373015873015873 0.8756613756613757 0.8373015873015873 0.8835978835978835 0.8690476190476191 0.8875661375661376 0.8822751322751323 0.8452380952380952 0.8888888888888888 0.7724867724867724 0.8981481481481481 0.6917989417989417
0 0.8584656084656085 0.6190476190476191 0.8505291005291007 0.6375661375661376 0.8624338624338624 0.656084656084656 0.876984126984127 0.6375661375661376
0 0.9153439153439153 0.5992063492063492 0.9325396825396826 0.6626984126984127 0.9166666666666665 0.6772486772486772
