0 0.6917989417989417 0.0 0.6891534391534393 0.037037037037037035 0.7103174603174603 0.06878306878306878 0.6865079365079364 0.08862433862433862 0.6150793650793651 0.08068783068783068 0.5806878306878307 0.03042328042328042 0.582010582010582 0.0013227513227513227
0 0.38492063492063494 0.0925925925925926 0.3055555555555556 0.0701058201058201 0.2552910052910053 0.05555555555555555 0.19444444444444448 0.0582010582010582 0.1335978835978836 0.042328042328042326 0.10052910052910052 0.04894179894179894 0.059523809523809514 0.07539682539682539 0.047619047619047616 0.10978835978835978 0.0462962962962963 0.15079365079365079 0.06613756613756613 0.1970899470899471 0.08862433862433862 0.21296296296296297 0.22089947089947087 0.24206349206349206 0.31746031746031744 0.22883597883597884 0.3637566137566138 0.18915343915343916
0 0.48677248677248675 0.16534391534391535 0.47751322751322756 0.2261904761904762 0.47883597883597884 0.2830687830687831 0.5132275132275133 0.2976190476190476 0.5251322751322751 0.2526455026455027 0.5317460317460317 0.18253968253968253
0 0.294973544973545 0.32142857142857145 0.18253968253968253 0.31746031746031744 0.1335978835978836 0.32275132275132273 0.05026455026455026 0.3187830687830688 0.031746031746031744 0.35317460317460314 0.011904761904761904 0.39285714285714285 0.011904761904761904 0.44047619047619047 0.03835978835978836 0.49206349206349204 0.27645502645502645 0.5119047619047619 0.31746031746031744 0.5185185185185185 0.32936507936507936 0.41798941798941797
0 0.458994708994709 0.38095238095238093 0.4470899470899471 0.41798941798941797 0.4656084656084656 0.4576719576719577 0.4801587301587302 0.43253968253968256
0 0.5277777777777778 0.3558201058201058 0.5383597883597884 0.41005291005291006 0.5092592592592593 0.4656084656084656 0.5198412698412699 0.49206349206349204 0.541005291005291 0.48544973544973546 0.5462962962962963 0.42857142857142855 0.5661375661375662 0.44047619047619047 0.5661375661375662 0.36111111111111105
0 0.541005291005291 0.6058201058201058 0.5092592592592593 0.5806878306878307 0.4510582010582011 0.5555555555555556 0.42063492063492064 0.5582010582010583 0.1917989417989418 0.582010582010582 0.12566137566137567 0.5753968253968254 0.10052910052910052 0.6058201058201058 0.08862433862433862 0.656084656084656 0.10317460317460317 0.6984126984126984 0.14682539682539683 0.7288359788359788 0.37433862433862436 0.7433862433862434 0.4682539682539682 0.7394179894179893
0 0.41005291005291006 0.832010582010582 0.458994708994709 0.8677248677248677 0.4722222222222222 0.8743386243386243 0.46957671957671965 0.9563492063492063 0.373015873015873 0.8690476190476191 0.3637566137566138 0.8333333333333335
0 0.49867724867724866 0.7896825396825397 0.5238095238095238 0.8293650793650794 0.5886243386243386 0.9021164021164022 0.6190476190476191 0.8571428571428571 0.6693121693121694 0.8756613756613757 0.6746031746031746 0.7857142857142857 0.6521164021164022 0.7804232804232805 0.5952380952380952 0.7804232804232805 0.4960317460317461 0.7764550264550265
0 0.2923280423280423 0.8650793650793651 0.3412698412698413 0.9047619047619048 0.3544973544973545 0.974867724867725 0.32142857142857145 0.9867724867724867 0.2804232804232804 0.9828042328042328 0.26587301587301587 0.9417989417989417
