0 0.46957671957671965 0.1402116402116402 0.4748677248677249 0.15873015873015872 0.4431216931216932 0.16534391534391535 0.42460317460317465 0.15079365079365079
0 0.5727513227513228 0.08597883597883599 0.6137566137566137 0.06613756613756613 0.6388888888888888 0.062169312169312166 0.6706349206349206 0.05026455026455026 0.6904761904761905 0.06746031746031746 0.6865079365079364 0.0873015873015873 0.6574074074074074 0.10185185185185185 0.6111111111111112 0.12698412698412698
0 0.6071428571428571 0.14947089947089948 0.6190476190476191 0.16534391534391535 0.6785714285714286 0.12169312169312169 0.7050264550264551 0.16137566137566137 0.7698412698412699 0.14682539682539683 0.8042328042328042 0.1402116402116402 0.8227513227513228 0.1111111111111111 0.7936507936507937 0.08994708994708994 0.6917989417989417 0.11243386243386241 0.6190476190476191 0.13095238095238096
0 0.6626984126984127 0.1851851851851852 0.6759259259259259 0.20899470899470898 0.708994708994709 0.22883597883597884 0.7301587301587301 0.22486772486772483 0.7116402116402116 0.18253968253968253
0 0.753968253968254 0.1693121693121693 0.775132275132275 0.20767195767195765 0.8068783068783069 0.20238095238095238 0.8452380952380952 0.1970899470899471 0.8809523809523809 0.18783068783068782 0.8968253968253969 0.17195767195767198 0.8902116402116402 0.15343915343915343 0.8637566137566136 0.14814814814814814 0.8267195767195767 0.14814814814814814 0.783068783068783 0.15608465608465608
0 0.5648148148148148 0.27380952380952384 0.5661375661375662 0.29894179894179895 0.5859788359788359 0.29894179894179895 0.6044973544973545 0.27116402116402116 0.58994708994709 0.26455026455026454
0 0.6256613756613757 0.27645502645502645 0.6468253968253969 0.291005291005291 0.6719576719576721 0.27645502645502645 0.6507936507936507 0.26322751322751325
0 0.7037037037037037 0.24867724867724866 0.6878306878306879 0.2751322751322751 0.6838624338624338 0.31084656084656087 0.8267195767195767 0.29894179894179895 0.8915343915343915 0.2857142857142857 0.9087301587301587 0.26322751322751325 0.8941798941798942 0.25 0.873015873015873 0.2447089947089947 0.8121693121693121 0.2447089947089947 0.7632275132275133 0.25396825396825395
0 0.4153439153439153 0.43783068783068785 0.4444444444444444 0.4351851851851852 0.4708994708994709 0.42857142857142855 0.4828042328042328 0.4431216931216932 0.47883597883597884 0.4537037037037037 0.44047619047619047 0.4537037037037037
0 0.5423280423280423 0.4021164021164021 0.6111111111111112 0.421957671957672 0.6402116402116402 0.421957671957672 0.6812169312169312 0.44973544973544965 0.6865079365079364 0.47354497354497355 0.6746031746031746 0.4828042328042328 0.6283068783068783 0.47354497354497355 0.5806878306878307 0.47883597883597884 0.6084656084656085 0.44047619047619047 0.5687830687830688 0.42063492063492064 0.5357142857142857 0.41798941798941797
0 0.5753968253968254 0.5383597883597884 0.6177248677248677 0.5304232804232805 0.6574074074074074 0.5079365079365079 0.6798941798941799 0.5224867724867724 0.6825396825396826 0.5436507936507936 0.6653439153439153 0.5648148148148148 0.6521164021164022 0.5806878306878307 0.5595238095238095 0.6124338624338624 0.5317460317460317 0.58994708994709 0.5965608465608465 0.5687830687830688 0.5965608465608465 0.548941798941799
0 0.8082010582010583 0.7301587301587301 0.7870370370370371 0.75 0.7923280423280423 0.7724867724867724 0.8214285714285714 0.7804232804232805 0.8584656084656085 0.783068783068783 0.906084656084656 0.7777777777777779 0.9312169312169312 0.7764550264550265 0.9351851851851852 0.7552910052910053 0.9206349206349206 0.746031746031746 0.8862433862433864 0.7367724867724867
0 0.7380952380952381 0.7473544973544973 0.7552910052910053 0.7658730158730159 0.7619047619047619 0.7645502645502645 0.7671957671957672 0.7420634920634922
0 0.7222222222222221 0.8082010582010583 0.708994708994709 0.8280423280423279 0.7275132275132276 0.8505291005291007 0.7486772486772487 0.8425925925925926 0.7513227513227513 0.8201058201058201
0 0.7724867724867724 0.8492063492063493 0.8174603174603174 0.8465608465608466 0.8505291005291007 0.8267195767195767 0.9034391534391534 0.8346560846560847 0.9298941798941799 0.8571428571428571 0.9272486772486772 0.876984126984127 0.8994708994708993 0.8822751322751323 0.8558201058201058 0.8809523809523809
0 0.7447089947089947 0.876984126984127 0.7857142857142857 0.8941798941798942 0.8095238095238095 0.8928571428571429 0.8465608465608466 0.9166666666666665 0.8452380952380952 0.9378306878306879 0.8227513227513228 0.9444444444444444 0.716931216931217 0.9113756613756614 0.7050264550264551 0.8941798941798942
0 0.6613756613756614 0.873015873015873 0.6428571428571429 0.8783068783068783 0.656084656084656 0.8928571428571429 0.6719576719576721 0.8902116402116402
0 0.6574074074074074 0.9206349206349206 0.6283068783068783 0.9404761904761905 0.6388888888888888 0.9576719576719577 0.6878306878306879 0.9682539682539683 0.7314814814814815 0.9682539682539683 0.7301587301587301 0.9444444444444444
